test 0
2000
1000
test 1
160.9284709235476
455.97888911063023
test 2
1408.082061813392
1912.9452507276278
test 3
1154.251449887584
11.968375907138125
test 4
333.0619383477381
1745.1131604793488
test 5
1964.9660284921133
737.6251462960713
test 6
47.58701958484369
695.1893788977834
test 7
1633.3192030862997
1773.8906815578891
test 8
889.6127561609525
6.111346076624727
test 9
551.9263838708298
1893.996663600558
test 10
1862.318872287684
493.63435889024123
test 11
0.9791866853520332
955.757321914929
test 12
1814.1809705265619
1580.6111842123141
test 13
632.7086695453036
69.89404981323821
test 14
802.1864259957317
1980.2396594403117
test 15
1699.2508064783751
285.1235703708354
test 16
24.370687204762703
1219.4252583790048
test 17
1937.9947521194415
1346.6494554970304
test 18
401.53993094214195
198.8473642661695
test 19
1066.3068583517113
1997.7992786806003
test 20
1487.187675007006
126.70270278600537
test 21
116.12252681762823
1467.718518342759
test 22
1996.0851708717214
1088.3987124875316
test 23
212.30405835494207
383.9357959466355
test 24
1325.781305535148
1945.4451549211167
test 25
1240.9883052852585
29.471980458194707
